Dataset	Frequency
MSV000078646	1
MSV000079598	4
MSV000079697	37
MSV000079706	1
MSV000079707	3
MSV000079710	6
MSV000079712	6
MSV000079714	4
MSV000079717	8
MSV000079718	1
MSV000079720	8
MSV000079813	1
MSV000080142	1
MSV000080299	8
MSV000080469	5
MSV000080559	1
MSV000080628	6
MSV000080905	2
MSV000081176	8
MSV000081351	2
MSV000081731	1
MSV000081952	30
MSV000082083	9
MSV000082382	13
MSV000082433	40
MSV000082582	1
MSV000082608	1
MSV000082647	1
MSV000082953	61
MSV000083077	31
MSV000083083	1
MSV000083098	2
MSV000083320	140
MSV000083475	3
MSV000083559	3
MSV000083647	1
MSV000084143	3
MSV000084314	3
MSV000084753	3
MSV000085389	1
MSV000085480	2
MSV000085917	2
MSV000085925	5
MSV000085944	2
MSV000086251	2
MSV000086676	23
MSV000087093	1
MSV000087434	1
MSV000087948	1
MSV000088842	11
