Dataset	Frequency
MSV000078891	1
MSV000079069	1
MSV000079598	68
MSV000079697	29
MSV000079706	6
MSV000079707	3
MSV000079710	2
MSV000079712	7
MSV000079714	9
MSV000079717	1
MSV000079719	1
MSV000079773	18
MSV000079900	1
MSV000080142	1
MSV000080469	10
MSV000080627	1
MSV000081318	1
MSV000081351	4
MSV000081364	7
MSV000081544	1
MSV000081548	1
MSV000081676	1
MSV000082074	1
MSV000082331	7
MSV000082433	40
MSV000082629	4
MSV000082953	60
MSV000083010	1
MSV000083040	1
MSV000083077	1
MSV000083264	1
MSV000083320	12
MSV000083541	31
MSV000083559	5
MSV000084314	4
MSV000084900	1
MSV000086926	2
MSV000087006	4
MSV000088332	8
MSV000088570	30
