Dataset	Frequency
MSV000081364	1
MSV000083631	1
MSV000084092	1
MSV000084741	1
MSV000087322	3
MSV000087809	3
MSV000088732	5
MSV000088823	5
