Dataset	Frequency
MSV000079389	1
MSV000079485	6
MSV000080905	1
MSV000081694	1
MSV000082869	312
MSV000082924	1
MSV000083559	55
MSV000084314	4
MSV000085944	8
MSV000086208	1
MSV000086209	7
MSV000086221	1
MSV000087948	1
MSV000088021	8
MSV000088164	7
MSV000088842	8
