Dataset	Frequency
MSV000081463	1
MSV000082331	8
MSV000082406	1
MSV000082433	200
MSV000083320	178
MSV000083475	5
MSV000083559	115
MSV000084314	6
